200
1
10
100
1000
10000
562431130
117392763
467211248
102948884
662969970
595021505
519796918
429255519
196118093
939977182
969067502
791955276
819572292
592164476
482678032
995688456
636576170
681268743
974241400
326327863
937357226
944462913
610411243
998515241
830146030
714307458
380917387
323298246
276356730
726510756
450472430
538291085
773748217
784177727
369835212
340708093
261490713
588781164
613362379
382168065
226299823
172412737
245593975
194700534
616002807
715016935
67470157
679748443
768627193
427524440
756205558
23764756
896977160
652564410
173204059
532028261
144626003
32025897
875722819
626327552
471426601
279650794
761992798
405329719
367183775
812669499
792682390
292967501
773641453
936910429
933427573
393273733
982080986
494582460
15090625
7218200
178812594
776661403
80257142
324337807
112912593
790714109
693536744
988500398
634774479
602523747
355877696
420829923
740513295
384986759
859048229
33643976
44945476
177173328
904029870
17501140
359077532
627010029
502934983
355141911
677162709
150863246
227545275
737552522
796742846
624308104
872207597
330324451
730294031
540512670
323308806
824557795
803930606
246755679
497330246
315111228
951234958
626135323
421222652
367042332
737582322
611617923
348476433
676749402
995142352
411198172
656226238
159446672
709459168
363890525
490473442
271136627
199056433
68001373
698035027
58656721
440012923
78349904
6464803
39046778
986477093
406716447
570455741
849901630
13178035
292540755
825945481
755290299
387772600
654562342
507629441
919942284
847734996
285992740
609730610
321028070
165539030
773945529
664559029
787186291
598766324
931028741
388471308
802807006
976791881
926230212
595896996
713660929
722325342
676774046
709253589
950768210
269242999
207126774
851523785
600204536
902581745
366918492
959920331
729563398
622912293
300195866
199601766
638569379
58046189
418479943
177539793
545263374
606016209
869676668
942401269
929662377
738610122
566825991
1000000000
